 0.37682 -5.50887 1
 0.51316 -1.51936 1
 0.91197  0.83395 0
 0.66642 -4.49772 0
-1.67144 -2.88335 1
-5.39738  2.31078 0
-4.87164  3.17704 0
 1.96371 -0.17585 1
 5.66311 -1.68343 1
-1.50417  2.22890 1
-0.66642  4.49772 1
 4.94770 -0.46927 0
-3.73598 -1.78880 0
-1.43225 -1.77949 0
-1.60169 -1.57664 0
 0.32685 -1.53242 1
 1.59658  4.08001 1
 4.98492 -0.18340 0
 2.00767  0.05275 1
-0.11611 -1.47034 1
-3.74405  2.98118 1
 1.04429  0.23423 0
 0.19833  1.44296 0
-1.18836 -5.29813 1
 3.70490 -4.36335 1
 2.33844  4.81876 0
 5.85570 -1.02547 1
 0.62559  1.19196 0
-3.97455 -0.86958 0
-4.63888  1.56676 1
 2.63641  3.38340 1
-0.11797 -4.49009 0
 1.23710  1.96391 1
-1.55381  0.95611 0
 1.74673 -0.69413 1
 0.75630 -0.38686 0
-0.69667  5.49616 0
-3.41632 -2.43850 0
-0.41724 -3.43630 1
 2.36824 -1.52677 0
 3.92410 -0.51837 1
 1.03918  0.43204 0
-0.02994  0.51753 1
 1.41000 -3.34181 1
 0.18543 -2.51659 0
 2.86877 -4.88943 1
 1.62264 -0.87349 1
 2.81087  1.41921 0
 1.64155 -2.15293 0
 3.81603  1.56307 1
-4.99650 -0.68675 1
 0.23500 -1.53056 1
-5.97162  0.34548 0
 4.39399 -2.07555 0
-2.68674  3.84901 1
 1.97304  0.77208 1
-1.77928 -5.09101 1
 2.02461  0.28912 1
-1.99522  3.09487 0
-2.24777 -3.69629 0
-3.55248 -3.88482 1
 0.87979  4.34834 1
-2.44705 -3.54516 0
 1.24128 -1.23477 1
 4.56350  2.39511 0
-2.46847  1.39650 1
 2.44705  3.54516 1
-3.86955  0.74068 0
 1.77928  5.09101 0
-3.94899 -3.42512 1
 2.46847 -1.39650 0
-1.07462  2.40457 1
-1.06768  1.34090 0
 0.63417 -0.47829 0
-0.73813 -1.08148 1
-2.74012 -1.58841 1
-0.86442  0.26688 1
-2.53663  2.74483 0
-1.41000  3.34181 0
 1.03792  0.17054 0
-1.23710 -1.96391 0
-3.53590 -2.22731 0
 4.66521 -3.44218 1
 2.27095 -5.15397 1
 1.82188  3.96427 1
 3.41643 -1.77025 1
-0.03948  2.50471 1
-2.10826 -2.50955 1
 2.06328  4.96276 0
 2.46730  2.07276 0
 1.01454  0.56695 0
 2.56815  1.91580 0
 0.67604 -0.45107 0
-1.82188 -3.96427 0
 0.54816 -0.52284 0
 3.55248  3.88482 0
 4.85569  1.55518 0
-4.43332 -2.66416 1
 1.67144  2.88335 0
 4.21025 -3.93210 1
-0.10448 -2.48443 0
 0.50450 -0.54018 0
 5.00558  0.10520 0
-5.66311  1.68343 0
 1.89431 -0.39364 1
-5.00949 -0.39558 1
 4.67747  2.11995 0
 1.32429 -1.17322 1
 0.38451  2.41947 1
-0.19833 -1.44296 1
-3.96342  4.15539 0
-4.56350 -2.39511 1
 2.60388  4.65960 0
-0.24596 -2.45594 0
-1.48732 -5.20296 1
-1.67625 -1.46938 0
 0.24596  2.45594 1
-1.33465  5.41487 0
 0.90070  2.19894 1
-1.22017  2.35483 1
 2.64695 -1.11682 0
 1.04504  0.36523 0
-0.46070  0.55427 1
-3.99449  0.06296 0
 0.10448  2.48443 1
-2.23706 -2.37022 1
 2.20751 -4.10077 0
 0.33288 -2.51992 0
-0.88649  1.42385 0
-2.18149  2.98933 0
-0.05558  1.51068 0
 2.01960  0.17016 1
 2.90495 -0.49301 0
-0.77817 -2.26469 0
-0.79421  0.34995 1
-3.01407 -0.19026 1
-3.75775 -3.66032 1
 0.94434  0.76828 0
-3.13708  3.54103 1
-3.34933  3.36698 1
 0.01838  3.49828 0
 0.20742 -0.57404 0
 2.87127  1.24717 0
-0.01838 -3.49828 1
-0.51316  1.51936 0
 2.26124 -1.65016 0
-0.77912  2.47736 1
 2.24777  3.69629 1
 4.28724  2.92613 0
-1.96371  0.17585 0
 0.87512  0.89841 0
 1.19020 -4.42639 0
-0.32685  1.53242 0
 3.86955 -0.74068 1
 3.55191 -3.18018 0
 4.96655  0.97774 0
 0.46070 -0.55427 0
 0.05558 -1.51068 1
-1.68705  0.78609 0
-2.63641 -3.38340 0
 1.80137 -0.59788 1
-0.28864  0.57922 1
-4.91960 -1.26755 1
-0.38922  3.51363 0
 0.03138  1.49298 0
-3.10232 -4.29840 1
 3.13708 -3.54103 0
 4.12565  3.18010 0
-1.32429  1.17322 0
 1.36353 -2.29624 0
 1.95921 -4.20475 0
-2.72436  0.96824 1
 2.53663 -2.74483 1
-2.97916  0.15665 1
 0.98774  3.26000 0
 0.41724  3.43630 0
-0.25924 -5.47882 1
-2.14795  1.76632 1
-1.95921  4.20475 1
 2.81530  3.21165 1
 4.82459 -1.02903 0
 1.48732  5.20296 0
 0.33076 -0.57755 0
 0.18467 -3.51187 1
-2.46730 -2.07276 1
-2.06328 -4.96276 1
 2.94686 -0.32643 0
-3.29267  1.95522 0
-0.63024  2.50039 1
-0.56329 -1.24286 1
 0.02994 -0.51753 0
 4.43332  2.66416 0
-0.70066  1.48331 0
-2.98971 -0.72026 1
-2.87127 -1.24717 1
 0.97223  0.70169 0
-2.86877  4.88943 0
-1.19020  4.42639 1
 1.80423  1.24537 1
-3.72322  1.17094 0
-6.00000  0.00000 0
-5.53913  2.00145 0
 3.01407  0.19026 0
-2.56815 -1.91580 1
 3.43563 -4.55536 1
 1.85743  1.12953 1
-0.63417  0.47829 1
-0.91197 -0.83395 1
 1.82505  2.76664 0
-2.64695  1.11682 1
 0.16868 -0.56743 0
 3.15900 -2.13184 1
 0.83033 -0.30992 0
-0.78813 -1.02247 1
-0.71683  0.42058 1
-1.02775 -0.10838 1
 0.79421 -0.34995 0
-2.81530 -3.21165 0
-0.65103 -2.32356 0
 1.68705 -0.78609 1
-0.60694  1.50424 0
-0.42743 -1.33456 1
-3.92410  0.51837 0
 0.97785 -1.38530 1
 0.41699 -0.56515 0
-2.33844 -4.81876 1
 3.72322 -1.17094 1
-4.12565 -3.18010 1
-4.00983 -0.16862 0
-1.13049 -2.04819 0
 3.63218 -1.37750 1
-3.99997 -0.63569 0
-2.65916 -1.75415 1
-2.56152  1.25972 1
-1.33777 -1.87421 0
 0.56329  1.24286 0
 5.23844 -2.61046 1
-2.02461 -0.28912 0
 1.97080  2.64187 0
-3.80247  0.95844 0
 0.63024 -2.50039 0
-1.48092  1.03373 0
 1.90333  1.01173 1
-0.97785  1.38530 0
 0.89625 -0.22091 0
-0.21924 -3.47302 1
-1.01825 -2.12666 0
-0.83382 -0.96135 1
 3.64253  2.01048 1
 0.68391  1.13807 0
-0.87512 -0.89841 1
 0.62978  4.41011 1
-0.41968  1.52872 0
 2.74012  1.58841 0
 1.01392  0.04798 0
 0.61175  3.38836 0
 2.56152 -1.25972 0
 4.44447 -3.69413 1
-0.92882  4.46973 1
-0.83033  0.30992 1
 3.97455  0.86958 1
-0.80005  3.48115 0
 3.00163  0.01577 0
-4.98492  0.18340 1
 1.01631 -5.46483 1
 0.97598 -0.06676 0
-3.43563  4.55536 0
 0.88649 -1.42385 1
-0.54816  0.52284 1
-1.85743 -1.12953 0
 2.91594 -3.70186 0
-4.28724 -2.92613 1
-1.74673  0.69413 0
-1.90440  1.97575 1
 0.25924  5.47882 0
 0.05782 -5.50304 1
 2.85370 -0.65585 0
-2.81087 -1.41921 1
-1.59658 -4.08001 0
-1.62264  0.87349 0
-1.97304 -0.77208 0
 0.42743  1.33456 0
-1.70630  4.29379 1
-0.62978 -4.41011 0
-0.23500  1.53056 0
-1.01454 -0.56695 1
 1.18836  5.29813 0
 1.99685  0.65114 1
 0.78813  1.02247 0
-1.01631  5.46483 0
-4.94770  0.46927 1
-1.16804 -3.18025 1
 3.73598  1.78880 1
-4.25063  2.31707 1
-1.02905 -0.49937 1
 3.01631  0.36625 0
 0.13141 -0.55832 0
-3.01597  2.29958 0
 1.52030  1.68016 1
-2.27095  5.15397 0
